[4.143078953777746e-05, -1.8734636809902838e-05, -1.980631324993709e-05, 2.338753578534636e-05, 1.2473537202239982e-05, -7.042028782322518e-06]
[4.081783208624168e-05, -0.006465542537186822, -0.042928751182635054, 2.2913731161263464e-05, 0.04936875829668538, -6.66378444354028e-06]
[4.02048746347059e-05, -0.012912350437563742, -0.08583769605202017, 2.2439926537180573e-05, 0.09872504305616853, -6.285540104758043e-06]
[3.959191718317012e-05, -0.019359158337940663, -0.12874664092140528, 2.196612191309768e-05, 0.14808132781565167, -5.907295765975805e-06]
[3.897895973163434e-05, -0.02580596623831758, -0.1716555857907904, 2.1492317289014785e-05, 0.1974376125751348, -5.529051427193568e-06]
[3.836600228009856e-05, -0.0322527741386945, -0.21456453066017553, 2.101851266493189e-05, 0.24679389733461796, -5.1508070884113295e-06]
[3.775304482856278e-05, -0.03869958203907142, -0.2574734755295606, 2.0544708040849e-05, 0.2961501820941011, -4.7725627496290915e-06]
[3.7140087377027e-05, -0.04514638993944834, -0.30038242039894575, 2.0070903416766105e-05, 0.3455064668535842, -4.394318410846854e-06]
[3.652712992549122e-05, -0.05159319783982526, -0.3432913652683309, 1.959709879268321e-05, 0.3948627516130674, -4.016074072064617e-06]
[3.591417247395544e-05, -0.058040005740202176, -0.386200310137716, 1.912329416860032e-05, 0.44421903637255056, -3.637829733282379e-06]
[3.530121502241966e-05, -0.0644868136405791, -0.4291092550071011, 1.8649489544517425e-05, 0.4935753211320337, -3.2595853945001415e-06]
[3.468825757088388e-05, -0.07093362154095602, -0.47201819987648624, 1.817568492043453e-05, 0.5429316058915168, -2.881341055717904e-06]
[3.40753001193481e-05, -0.07738042944133294, -0.5149271447458713, 1.770188029635164e-05, 0.592287890651, -2.503096716935666e-06]
[3.3462342667812324e-05, -0.08382723734170985, -0.5578360896152564, 1.7228075672268746e-05, 0.6416441754104831, -2.1248523781534286e-06]
[3.284938521627654e-05, -0.09027404524208678, -0.6007450344846416, 1.675427104818585e-05, 0.6910004601699662, -1.7466080393711906e-06]
[3.223642776474076e-05, -0.09672085314246369, -0.6436539793540267, 1.6280466424102957e-05, 0.7403567449294494, -1.3683637005889534e-06]
[3.162347031320498e-05, -0.10316766104284061, -0.6865629242234118, 1.5806661800020063e-05, 0.7897130296889325, -9.901193618067153e-07]
[3.10105128616692e-05, -0.10961446894321754, -0.7294718690927969, 1.5332857175937172e-05, 0.8390693144484157, -6.118750230244773e-07]
[3.039755541013342e-05, -0.11606127684359445, -0.7723808139621821, 1.4859052551854278e-05, 0.8884255992078989, -2.336306842422401e-07]
[2.978459795859764e-05, -0.12250808474397137, -0.8152897588315672, 1.4385247927771385e-05, 0.9377818839673819, 1.4461365453999795e-07]
[2.917164050706186e-05, -0.12895489264434828, -0.8581987037009523, 1.391144330368849e-05, 0.9871381687268651, 5.228579933222351e-07]
[2.855868305552608e-05, -0.13540170054472522, -0.9011076485703374, 1.3437638679605598e-05, 1.0364944534863483, 9.011023321044723e-07]
[2.79457256039903e-05, -0.14184850844510213, -0.9440165934397226, 1.2963834055522704e-05, 1.0858507382458313, 1.2793466708867104e-06]
[2.7332768152454522e-05, -0.14829531634547904, -0.9869255383091077, 1.2490029431439811e-05, 1.1352070230053146, 1.6575910096689484e-06]
[2.6719810700918743e-05, -0.15474212424585598, -1.0298344831784927, 1.2016224807356919e-05, 1.1845633077647977, 2.0358353484511865e-06]
[2.6106853249382963e-05, -0.1611889321462329, -1.0727434280478778, 1.1542420183274024e-05, 1.2339195925242807, 2.4140796872334245e-06]
[2.5493895797847184e-05, -0.1676357400466098, -1.115652372917263, 1.1068615559191132e-05, 1.283275877283764, 2.792324026015661e-06]
[2.48809383463114e-05, -0.17408254794698672, -1.158561317786648, 1.0594810935108237e-05, 1.332632162043247, 3.170568364797899e-06]
[2.426798089477562e-05, -0.18052935584736365, -1.2014702626560332, 1.0121006311025345e-05, 1.3819884468027301, 3.548812703580137e-06]
[2.3655023443239842e-05, -0.18697616374774056, -1.2443792075254183, 9.64720168694245e-06, 1.4313447315622134, 3.927057042362375e-06]
[2.3042065991704062e-05, -0.19342297164811748, -1.2872881523948034, 9.173397062859558e-06, 1.4807010163216965, 4.305301381144611e-06]
[2.2429108540168283e-05, -0.19986977954849441, -1.3301970972641886, 8.699592438776664e-06, 1.5300573010811798, 4.683545719926849e-06]
[2.1816151088632503e-05, -0.20631658744887132, -1.3731060421335737, 8.225787814693771e-06, 1.5794135858406628, 5.061790058709087e-06]
[2.1203193637096724e-05, -0.21276339534924824, -1.4160149870029588, 7.751983190610877e-06, 1.6287698706001459, 5.4400343974913254e-06]
[2.0590236185560944e-05, -0.21921020324962517, -1.458923931872344, 7.278178566527986e-06, 1.6781261553596292, 5.8182787362735635e-06]
[1.9977278734025165e-05, -0.22565701115000208, -1.501832876741729, 6.804373942445091e-06, 1.7274824401191122, 6.1965230750558e-06]
[1.9364321282489385e-05, -0.232103819050379, -1.5447418216111142, 6.330569318362197e-06, 1.7768387248785955, 6.574767413838038e-06]
[1.8751363830953606e-05, -0.23855062695075593, -1.5876507664804993, 5.856764694279303e-06, 1.8261950096380786, 6.953011752620276e-06]
[1.8138406379417823e-05, -0.24499743485113284, -1.6305597113498844, 5.382960070196412e-06, 1.8755512943975616, 7.331256091402514e-06]
[1.7525448927882043e-05, -0.2514442427515098, -1.6734686562192695, 4.9091554461135176e-06, 1.924907579157045, 7.70950043018475e-06]
[1.6912491476346264e-05, -0.25789105065188667, -1.7163776010886547, 4.435350822030623e-06, 1.974263863916528, 8.087744768966988e-06]
[1.6299534024810484e-05, -0.2643378585522636, -1.7592865459580398, 3.961546197947732e-06, 2.0236201486760113, 8.465989107749228e-06]
[1.5686576573274705e-05, -0.27078466645264054, -1.802195490827425, 3.487741573864838e-06, 2.0729764334354943, 8.844233446531463e-06]
[1.5073619121738925e-05, -0.2772314743530174, -1.84510443569681, 3.0139369497819437e-06, 2.1223327181949774, 9.2224777853137e-06]
[1.4460661670203146e-05, -0.28367828225339436, -1.8880133805661952, 2.5401323256990494e-06, 2.1716890029544604, 9.600722124095939e-06]
[1.3847704218667367e-05, -0.2901250901537713, -1.9309223254355803, 2.0663277016161585e-06, 2.2210452877139435, 9.978966462878177e-06]
[1.3234746767131587e-05, -0.2965718980541482, -1.9738312703049654, 1.5925230775332642e-06, 2.270401572473427, 1.0357210801660415e-05]
[1.2621789315595808e-05, -0.3030187059545251, -2.0167402151743503, 1.1187184534503699e-06, 2.31975785723291, 1.0735455140442653e-05]
[1.2008831864060028e-05, -0.30946551385490206, -2.0596491600437354, 6.449138293674789e-07, 2.369114141992393, 1.1113699479224891e-05]
[1.1395874412524245e-05, -0.31591232175527895, -2.1025581049131206, 1.7110920528458462e-07, 2.418470426751876, 1.1491943818007129e-05]
